994.0150388 
994.0150388
995.0154524
995.0154524
996.0160551
996.0160551
988.0165722
988.0165722
989.0171335
989.0171335
990.0176585
990.0176585
991.01
991.01
992.008869
992.008869
993.0093518
993.0093518
994.0098173
994.0098173
995.0103919
995.0103919
996.0109208  
996.0109208
997.0114456
997.0114456
989.0118915
989.0118915
990.0123768
990.0123768
991.0129474
991.0129474
992.0135069
992.0135069
993.0139951
993.0139951
994.0146176
994.0146176
995.0151471
995.0151471
996.0156333
996.0156333
997.016182
997.016182
998.0164838
998.0164838
990.0168802
990.0168802
991.017382
991.017382
992.0177875
992.0177875
993.01
993.01
994.0089277
994.0089277
995.0095054
995.0095054
996.0099874
996.0099874
997.010553
997.010553
998.0110935
998.0110935
999.0117032
999.0117032
991.0123413
991.0123413
992.0129023
992.0129023
993.0134374
993.0134374
994.014001
994.014001
995.0145848
995.0145848
996.0151508
996.0151508
997.0157821
997.0157821
998.016334
998.016334
999.0168642
999.0168642
1000.0173959
1000.0173959
992.0179031
992.0179031
993.01
993.01
994.0087653
994.0087653
995.0092998
995.0092998
996.0097254
996.0097254
997.0102533
997.0102533
998.0107871
998.0107871
999.0113224
999.0113224
1000.0118544
1000.0118544
1001.0123561
1001.0123561
993.0129123
993.0129123
994.0133429
994.0133429
995.013846
995.013846
996.0144031
996.0144031
997.01497
997.01497
998.0155094
998.0155094
999.0160167
999.0160167
1000.0165874
1000.0165874
1001.0170299
1001.0170299
1002.0175029
1002.0175029
994.0179661
994.0179661
995.01
995.01
996.0088682
996.0088682
997.0094147
997.0094147
998.0099403
998.0099403
999.0105259
999.0105259
1000.0110906
1000.0110906
1001.0116522
1001.0116522
1002.0122468
1002.0122468
1003.0127241
1003.0127241
995.0131762
995.0131762
996.0137403
996.0137403
997.0143147
997.0143147
998.0148237
998.0148237
999.0152769
999.0152769
1000.0158209
1000.0158209
1001.0162856
1001.0162856
1002.0168556
1002.0168556
1003.0173269
1003.0173269
1004.0178152
1004.0178152
996.01
996.01
997.0087322
997.0087322
998.0091557
998.0091557
999.0098052
999.0098052
1000.0103177
1000.0103177
1001.0107448
1001.0107448
1002.0113032
1002.0113032
1003.0116908
1003.0116908
1004.0121048
1004.0121048
1005.0126115
1005.0126115
997.0131193
997.0131193
998.0136131
998.0136131
999.0140877
999.0140877
1000.014709
1000.014709
1001.0152065
1001.0152065
1002.0157209
1002.0157209
1003.0162519
1003.0162519
1004.0168219
1004.0168219
1005.0173751
1005.0173751
1006.01
1006.01
998.0086274
998.0086274
999.0090295
999.0090295
1000.0095513
1000.0095513
1001.010108
1001.010108
1002.0106919
1002.0106919
1003.0111941
1003.0111941
1004.0117304
1004.0117304
1005.0123541
1005.0123541
1006.0129352
1006.0129352
1007.0133901
1007.0133901
999.0138367
999.0138367
1000.0142305
1000.0142305
1001.0147404
1001.0147404
1002.0153088
1002.0153088
1003.0159492
1003.0159492
1004.0164031
1004.0164031
1005.01691
1005.01691
1006.0174068
1006.0174068
1007.0178799
1007.0178799
1008.01
1008.01
1000.0089597
1000.0089597
1001.0094874
1001.0094874
1002.0099354
1002.0099354
1003.0105067
1003.0105067
1004.010932
1004.010932
1005.0115218
1005.0115218
1006.0121104
1006.0121104
1007.0127087
1007.0127087
1008.0132088
1008.0132088
1009.013689
1009.013689
1001.0142362
1001.0142362
1002.0146707
1002.0146707
1003.0151732
1003.0151732
1004.0157216
1004.0157216
1005.0162429
1005.0162429
1006.0167417
1006.0167417
1007.017388
1007.017388
1008.0178268
1008.0178268
1009.01
1009.01
1010.0088882
1010.0088882
1002.0094522
1002.0094522
1003.01004
1003.01004
1004.0105127
1004.0105127
1005.0110984
1005.0110984
1006.0116607
1006.0116607
1007.0122045
1007.0122045
1008.0127274
1008.0127274
1009.0132197
1009.0132197
1010.0136538
1010.0136538
1011.0141273
1011.0141273
1003.0145732
1003.0145732
1004.0151611
1004.0151611
1005.0157567
1005.0157567
1006.0164097
1006.0164097
1007.0169355
1007.0169355
1008.0174806
1008.0174806
1009.01
1009.01
1010.0085985
1010.0085985
1011.0090901
1011.0090901
1012.0096414
1012.0096414
1004.0100929
1004.0100929
1005.010667
1005.010667
1006.0111988
1006.0111988
1007.0118186
1007.0118186
1008.0123253
1008.0123253
1009.012891
1009.012891
1010.0134468
1010.0134468
1011.0138977
1011.0138977
1012.0143043
1012.0143043
1013.014772
1013.014772
1005.0153561
1005.0153561
1006.0158522
1006.0158522
1007.0162652
1007.0162652
1008.0168149
1008.0168149
1009.0173102
1009.0173102
1010.0178861
1010.0178861
1011.01
1011.01
1012.0090092
1012.0090092
1013.0094405
1013.0094405
1014.009967
1014.009967
1006.0105189
1006.0105189
1007.0110964
1007.0110964
1008.0115813
1008.0115813
1009.0121123
1009.0121123
1010.0125953
1010.0125953
1011.0130329
1011.0130329
1012.013489
1012.013489
1013.0140748
1013.0140748
1014.0146607
1014.0146607
1015.0151836
1015.0151836
1007.0157125
1007.0157125
1008.0162447
1008.0162447
1009.0168539
1009.0168539
1010.0175041
1010.0175041
1011.0179767
1011.0179767
1012.01
1012.01
1013.0090606
1013.0090606
1014.0095689
1014.0095689
1015.0102095
1015.0102095
1016.010744
1016.010744
1008.0112636
1008.0112636
1009.0118763
1009.0118763
1010.0124529
1010.0124529
1011.01301
1011.01301
1012.0134885
1012.0134885
1013.0139472
1013.0139472
1014.0144078
1014.0144078
1015.0149218
1015.0149218
1016.0154092
1016.0154092
1017.015908
1017.015908
1009.016345
1009.016345
1010.0168615
1010.0168615
1011.0174752
1011.0174752
1012.01
1012.01
1013.0084716
1013.0084716
1014.0089965
1014.0089965
1015.0095534
1015.0095534
1016.0100332
1016.0100332
1017.0106238
1017.0106238
1018.011147
1018.011147
1010.0116868
1010.0116868
1011.0121831
1011.0121831
1012.0126539
1012.0126539
1013.0131017
1013.0131017
1014.0136268
1014.0136268
1015.0141755
1015.0141755
1016.0146814
1016.0146814
1017.0151504
1017.0151504
1018.0155995
1018.0155995
1019.0160758
1019.0160758
1011.016507
1011.016507
1012.0170169
1012.0170169
1013.0175276
1013.0175276
1014.01
1014.01
1015.0087859
1015.0087859
1016.0093658
1016.0093658
1017.0098287
1017.0098287
1018.0104166
1018.0104166
1019.0109299
1019.0109299
1020.0113252
1020.0113252
1012.0117118
1012.0117118
1013.0122547
1013.0122547
1014.0128771
1014.0128771
1015.013412
1015.013412
1016.0139863
1016.0139863
1017.0145303
1017.0145303
1018.0150776
1018.0150776
1019.0156237
1019.0156237
1020.0162149
1020.0162149
1021.0167169
1021.0167169
1013.0171231
1013.0171231
1014.0175747
1014.0175747
1015.01
1015.01
1016.0086083
1016.0086083
1017.0091252
1017.0091252
1018.0096469
1018.0096469
1019.0101666
1019.0101666
1020.0106298
1020.0106298
1021.0110781
1021.0110781
1022.0115673
1022.0115673
1014.0121651
1014.0121651
1015.0126208
1015.0126208
1016.0131389
1016.0131389
1017.0137028
1017.0137028
1018.0142648
1018.0142648
1019.0147743
1019.0147743
1020.0152104
1020.0152104
1021.0158053
1021.0158053
1022.016355
1022.016355
1023.0169304
1023.0169304
1015.0175823
1015.0175823
1016.01
1016.01
1017.0085584
1017.0085584
1018.0092104
1018.0092104
1019.0098249
1019.0098249
1020.0103906
1020.0103906
1021.0109792
1021.0109792
1022.0115234
1022.0115234
1023.0119764
1023.0119764
1024.012506
1024.012506
1016.0130806
1016.0130806
1017.0136308
1017.0136308
1018.0141855
1018.0141855
1019.0148015
1019.0148015
1020.0153661
1020.0153661
1021.0159404
1021.0159404
1022.0164337
1022.0164337
1023.0168751
1023.0168751
1024.0174449
1024.0174449
1025.0179711
1025.0179711
1017.01
1017.01
1018.008903
1018.008903
1019.0093927
1019.0093927
1020.0099019
1020.0099019
1021.0104029
1021.0104029
1022.0110142
1022.0110142
1023.0115964
1023.0115964
1024.0120994
1024.0120994
1025.0126944
1025.0126944
1026.0132428
1026.0132428
1018.0136841
1018.0136841
1019.0142598
1019.0142598
1020.0147907
1020.0147907
1021.0152914
1021.0152914
1022.0158586
1022.0158586
1023.0162398
1023.0162398
1024.0166796
1024.0166796
1025.0171122
1025.0171122
1026.0175991
1026.0175991
1027.01
1027.01
1019.0086147
1019.0086147
1020.00913
1020.00913
1021.0096021
1021.0096021
1022.0102112
1022.0102112
1023.010661
1023.010661
1024.011209
1024.011209
1025.0117422
1025.0117422
1026.0123552
1026.0123552
1027.0128039
1027.0128039
1028.0133023
1028.0133023
1020.013845
1020.013845
1021.0144072
1021.0144072
1022.0149222
1022.0149222
1023.0156075
1023.0156075
1024.0161872
1024.0161872
1025.0166138
1025.0166138
1026.0172591
1026.0172591
1027.0176351
1027.0176351
1028.01
1028.01
1029.0086184
1029.0086184
1021.009054
1021.009054
1022.0096064
1022.0096064
1023.0101383
1023.0101383
1024.0107022
1024.0107022
1025.0111342
1025.0111342
1026.0117637
1026.0117637
1027.0122601
1027.0122601
1028.012804
1028.012804
1029.0132929
1029.0132929
1030.0136218
1030.0136218
1022.0140289
1022.0140289
1023.0146392
1023.0146392
1024.0152158
1024.0152158
1025.0159018
1025.0159018
1026.0163607
1026.0163607
1027.0169523
1027.0169523
1028.0174547
1028.0174547
1029.0178907
1029.0178907
1030.01
1030.01
1031.008934
1031.008934
1023.0093651
1023.0093651
1024.0099195
1024.0099195
1025.0104325
1025.0104325
1026.0110051
1026.0110051
1027.0114773
1027.0114773
1028.0119601
1028.0119601
1029.0125228
1029.0125228
1030.013006
1030.013006
1031.0135761
1031.0135761
1032.014145
1032.014145
1024.0146571
1024.0146571
1025.0152985
1025.0152985
1026.015801
1026.015801
1027.0164085
1027.0164085
1028.016972
1028.016972
1029.0175786
1029.0175786
1030.01
1030.01
1031.008552
1031.008552
1032.0090704
1032.0090704
1033.0096503
1033.0096503
1025.0101229
1025.0101229
1026.0105899
1026.0105899
1027.0111404
1027.0111404
1028.0117084
1028.0117084
1029.0122887
1029.0122887
1030.0128663
1030.0128663
1031.0132942
1031.0132942
1032.0138963
1032.0138963
1033.0144313
1033.0144313
1034.0149074
1034.0149074
1026.0154102
1026.0154102
1027.0157743
1027.0157743
1028.0162901
1028.0162901
1029.0168114
1029.0168114
1030.0172708
1030.0172708
1031.0177906
1031.0177906
1032.01
1032.01
1033.0089661
1033.0089661
1034.0094367
1034.0094367
1035.0100307
1035.0100307
1027.0106726
1027.0106726
1028.0111857
1028.0111857
1029.0118043
1029.0118043
1030.0123068
1030.0123068
1031.0129027
1031.0129027
1032.0134076
1032.0134076
1033.0139067
1033.0139067
1034.0145086
1034.0145086
1035.014959
1035.014959
1036.0154854
1036.0154854
1028.0160319
1028.0160319
1029.0166382
1029.0166382
1030.0172194
1030.0172194
1031.0177005
1031.0177005
1032.01
1032.01
1033.0087056
1033.0087056
1034.0092517
1034.0092517
1035.0097224
1035.0097224
1036.0102248
1036.0102248
1037.0107268
1037.0107268
1029.0112129
1029.0112129
1030.0118493
1030.0118493
1031.0123286
1031.0123286
1032.0129089
1032.0129089
1033.0134458
1033.0134458
1034.0139001
1034.0139001
1035.014397
1035.014397
1036.0149483
1036.0149483
1037.0155092
1037.0155092
1038.0160794
1038.0160794
1030.0165421
1030.0165421
1031.0169564
1031.0169564
1032.0175215
1032.0175215
1033.01
1033.01
1034.0087203
1034.0087203
1035.0093136
1035.0093136
1036.0099
1036.0099
1037.0104096
1037.0104096
1038.0108616
1038.0108616
1039.01146
1039.01146
1031.01191
1031.01191
1032.0124422
1032.0124422
1033.0129749
1033.0129749
1034.0134073
1034.0134073
1035.0139276
1035.0139276
1036.014374
1036.014374
1037.0149207
1037.0149207
1038.0154405
1038.0154405
1039.0159013
1039.0159013
1040.0164607
1040.0164607
1032.0168968
1032.0168968
1033.0174254
1033.0174254
1034.0178854
1034.0178854
1035.01
1035.01
1036.0090004
1036.0090004
1037.0094548
1037.0094548
1038.0099578
1038.0099578
1039.0104244
1039.0104244
1040.0108768
1040.0108768
1041.0114565
1041.0114565
1033.012016
1033.012016
1034.0125335
1034.0125335
1035.0130882
1035.0130882
1036.0136956
1036.0136956
1037.0142209
1037.0142209
1038.0147198
1038.0147198
1039.0152462
1039.0152462
1040.0157542
1040.0157542
1041.0161848
1041.0161848
1042.0168115
1042.0168115
1034.0172589
1034.0172589
1035.0178381
1035.0178381
1036.01
1036.01
1037.009014
1037.009014
1038.0095235
1038.0095235
1039.0100262
1039.0100262
1040.0105525
1040.0105525
1041.011106
1041.011106
1042.0116673
1042.0116673
1043.0121881
1043.0121881
1035.0127715
1035.0127715
1036.0133447
1036.0133447
1037.0138058
1037.0138058
1038.0144125
1038.0144125
1039.014943
1039.014943
1040.0153984
1040.0153984
1041.0158151
1041.0158151
1042.0163306
1042.0163306
1043.0168813
1043.0168813
1044.0173201
1044.0173201
1036.0178322
1036.0178322
1037.01
1037.01
1038.0087737
1038.0087737
1039.0094197
1039.0094197
1040.0099565
1040.0099565
1041.0104498
1041.0104498
1042.010905
1042.010905
1043.011459
1043.011459
1044.0119097
1044.0119097
1045.0125098
1045.0125098
1037.0129419
1037.0129419
1038.0134727
1038.0134727
1039.0139753
1039.0139753
1040.0146204
1040.0146204
1041.0152699
1041.0152699
1042.0157835
1042.0157835
1043.0163907
1043.0163907
1044.0168475
1044.0168475
1045.0173937
1045.0173937
1046.0179277
1046.0179277
1038.01
1038.01
1039.0089517
1039.0089517
1040.0094558
1040.0094558
1041.0100187
1041.0100187
1042.0105943
1042.0105943
1043.011106
1043.011106
1044.0116035
1044.0116035
1045.0120735
1045.0120735
1046.0126355
1046.0126355
1047.0130996
1047.0130996
1039.0136414
1039.0136414
1040.0141869
1040.0141869
1041.0147969
1041.0147969
1042.0152034
1042.0152034
1043.0157111
1043.0157111
1044.0162413
1044.0162413
1045.0167335
1045.0167335
1046.0173516
1046.0173516
1047.0177639
1047.0177639
1048.01
1048.01
1040.0087702
1040.0087702
1041.0092902
1041.0092902
1042.0097935
1042.0097935
1043.010305
1043.010305
1044.0108707
1044.0108707
1045.0112807
1045.0112807
1046.011861
1046.011861
1047.0124289
1047.0124289
1048.0129245
1048.0129245
1049.0134321
1049.0134321
1041.0139194
1041.0139194
1042.014429
1042.014429
1043.0150028
1043.0150028
1044.0156112
1044.0156112
1045.0161391
1045.0161391
1046.0166664
1046.0166664
1047.0172023
1047.0172023
1048.0177421
1048.0177421
1049.01
1049.01
1050.0087535
1050.0087535
1042.0093096
1042.0093096
1043.0098301
1043.0098301
1044.0104777
1044.0104777
1045.0110011
1045.0110011
1046.0115469
1046.0115469
1047.0121955
1047.0121955
1048.012761
1048.012761
1049.0133017
1049.0133017
1050.0138065
1050.0138065
1051.01442
1051.01442
1043.014924
1043.014924
1044.0154259
1044.0154259
1045.0159308
1045.0159308
1046.0164138
1046.0164138
1047.0169089
1047.0169089
1048.0174069
1048.0174069
1049.0179571
1049.0179571
1050.01
1050.01
1051.0090071
1051.0090071
1052.0096169
1052.0096169
1044.0101417
1044.0101417
1045.010708
1045.010708
1046.0112475
1046.0112475
1047.0119038
1047.0119038
1048.0124968
1048.0124968
1049.0130755
1049.0130755
1050.0136098
1050.0136098
1051.0141079
1051.0141079
1052.0146214
1052.0146214
1053.0150724
1053.0150724
1045.0156051
1045.0156051
1046.0160915
1046.0160915
1047.0166088
1047.0166088
1048.0171065
1048.0171065
1049.0176997
1049.0176997
1050.01
1050.01
1051.0086838
1051.0086838
1052.0091514
1052.0091514
1053.0096669
1053.0096669
1054.0102199
1054.0102199
1046.0108047
1046.0108047
1047.0112085
1047.0112085
1048.0117337
1048.0117337
1049.0122058
1049.0122058
1050.0127492
1050.0127492
1051.0133102
1051.0133102
1052.0138253
1052.0138253
1053.0143088
1053.0143088
1054.0148807
1054.0148807
1055.0154322
1055.0154322
1047.0159895
1047.0159895
1048.0165348
1048.0165348
1049.0170763
1049.0170763
1050.0175163
1050.0175163
1051.01
1051.01
1052.0087554
1052.0087554
1053.0093937
1053.0093937
1054.0098865
1054.0098865
1055.0104324
1055.0104324
1056.0108756
1056.0108756
1048.0113366
1048.0113366
1049.0119013
1049.0119013
1050.0124214
1050.0124214
1051.0130068
1051.0130068
1052.0135382
1052.0135382
1053.013896
1053.013896
1054.0144068
1054.0144068
1055.0150358
1055.0150358
1056.0155757
1056.0155757
1057.0160344
1057.0160344
1049.0166531
1049.0166531
1050.017089
1050.017089
1051.0176326
1051.0176326
1052.01
1052.01
1053.0088641
1053.0088641
1054.0094819
1054.0094819
1055.009958
1055.009958
1056.0105616
1056.0105616
1057.0111145
1057.0111145
1058.0115258
1058.0115258
1050.0121537
1050.0121537
1051.0126861
1051.0126861
1052.0132539
1052.0132539
1053.0139156
1053.0139156
1054.0144884
1054.0144884
1055.0148475
1055.0148475
1056.0153079
1056.0153079
1057.0158655
1057.0158655
1058.0163765
1058.0163765
1059.0168378
1059.0168378
1051.0173948
1051.0173948
1052.0178854
1052.0178854
1053.01
1053.01
1054.0090003
1054.0090003
1055.0096307
1055.0096307
1056.0100897
1056.0100897
1057.0106855
1057.0106855
1058.0112539
1058.0112539
1059.0117708
1059.0117708
1060.0122834
1060.0122834
1052.0127197
1052.0127197
1053.013329
1053.013329
1054.0137331
1054.0137331
1055.0143156
1055.0143156
1056.0149111
1056.0149111
1057.0155832
1057.0155832
1058.0160619
1058.0160619
1059.0165289
1059.0165289
1060.0170366
1060.0170366
1061.0175301
1061.0175301
1053.01
1053.01
1054.0087269
1054.0087269
1055.0092242
1055.0092242
1056.0097046
1056.0097046
1057.0101451
1057.0101451
1058.0107083
1058.0107083
1059.0112989
1059.0112989
1060.0118899
1060.0118899
1061.0123818
1061.0123818
1062.0129258
1062.0129258
1054.0133728
1054.0133728
1055.0139043
1055.0139043
1056.0143387
1056.0143387
1057.0149154
1057.0149154
1058.0154325
1058.0154325
1059.0159566
1059.0159566
1060.0163741
1060.0163741
1061.0167251
1061.0167251
1062.0172215
1062.0172215
1063.0177121
1063.0177121
1055.01
1055.01
1056.0086212
1056.0086212
1057.0092483
1057.0092483
1058.0097971
1058.0097971
1059.0103867
1059.0103867
1060.0108932
1060.0108932
1061.0114137
1061.0114137
1062.0119391
1062.0119391
1063.0125236
1063.0125236
1064.0130989
1064.0130989
1056.0137558
1056.0137558
1057.014281
1057.014281
1058.0147728
1058.0147728
1059.0154095
1059.0154095
1060.0158978
1060.0158978
1061.0164009
1061.0164009
1062.0168619
1062.0168619
1063.0174493
1063.0174493
1064.0179214
1064.0179214
1065.01
1065.01
1057.0089307
1057.0089307
1058.0095072
1058.0095072
1059.0101382
1059.0101382
1060.0107166
1060.0107166
1061.0111307
1061.0111307
1062.0117533
1062.0117533
1063.0122945
1063.0122945
1064.0130419
1064.0130419
1065.0135533
1065.0135533
1066.0140681
1066.0140681
1058.0145744
1058.0145744
1059.0152021
1059.0152021
1060.0156587
1060.0156587
1061.0162175
1061.0162175
1062.0166472
1062.0166472
1063.0170621
1063.0170621
1064.0175167
1064.0175167
1065.01
1065.01
1066.0086668
1066.0086668
1067.0092976
1067.0092976
1059.0098287
1059.0098287
1060.0104066
1060.0104066
1061.0109631
1061.0109631
1062.0115124
1062.0115124
1063.011957
1063.011957
1064.0125136
1064.0125136
1065.0130434
1065.0130434
1066.0135431
1066.0135431
1067.0139535
1067.0139535
1068.0144655
1068.0144655
1060.0148875
1060.0148875
1061.0154314
1061.0154314
1062.0158578
1062.0158578
1063.0164095
1063.0164095
1064.0170022
1064.0170022
1065.0175353
1065.0175353
1066.01
1066.01
1067.0086822
1067.0086822
1068.0091999
1068.0091999
1069.009795
1069.009795
1061.0103732
1061.0103732
1062.0108369
1062.0108369
1063.0113517
1063.0113517
1064.0120068
1064.0120068
1065.0125377
1065.0125377
1066.0131483
1066.0131483
1067.0137952
1067.0137952
1068.0143132
1068.0143132
1069.0147785
1069.0147785
1070.0152399
1070.0152399
1062.0158354
1062.0158354
1063.016445
1063.016445
1064.0169914
1064.0169914
1065.0176164
1065.0176164
1066.01
1066.01
1067.0085012
1067.0085012
1068.0090357
1068.0090357
1069.0094946
1069.0094946
1070.0100305
1070.0100305
1071.0104972
1071.0104972
1063.0111126
1063.0111126
1064.0116027
1064.0116027
1065.0121776
1065.0121776
1066.0126027
1066.0126027
1067.0130302
1067.0130302
1068.0135357
1068.0135357
1069.0140978
1069.0140978
1070.0145336
1070.0145336
1071.0150811
1071.0150811
1072.0157137
1072.0157137
1064.0161582
1064.0161582
1065.016759
1065.016759
1066.0172009
1066.0172009
1067.0177062
1067.0177062
1068.01
1068.01
1069.0087121
1069.0087121
1070.0092571
1070.0092571
1071.0097472
1071.0097472
1072.0102641
1072.0102641
1073.0107951
1073.0107951
1065.0112714
1065.0112714
1066.0117768
1066.0117768
1067.012329
1067.012329
1068.0128971
1068.0128971
1069.0133583
1069.0133583
1070.0138739
1070.0138739
1071.0143381
1071.0143381
1072.0149128
1072.0149128
1073.0154221
1073.0154221
1074.0158395
1074.0158395
1066.0164284
1066.0164284
1067.0168934
1067.0168934
1068.0173375
1068.0173375
1069.0178091
1069.0178091
1070.01
1070.01
1071.0088414
1071.0088414
1072.0093481
1072.0093481
1073.009948
1073.009948
1074.0104921
1074.0104921
1075.0109973
1075.0109973
1067.0114542
1067.0114542
1068.0119957
1068.0119957
1069.0125148
1069.0125148
1070.0131142
1070.0131142
1071.0136259
1071.0136259
1072.0141306
1072.0141306
1073.0146741
1073.0146741
1074.0151674
1074.0151674
1075.0156961
1075.0156961
1076.0161904
1076.0161904
1068.0166673
1068.0166673
1069.0171833
1069.0171833
1070.0177341
1070.0177341
1071.01
1071.01
1072.0090509
1072.0090509
1073.0094927
1073.0094927
1074.010043
1074.010043
1075.010546
1075.010546
1076.0111336
1076.0111336
1077.0116303
1077.0116303
1069.0120621
1069.0120621
1070.0125951
1070.0125951
1071.0131343
1071.0131343
1072.0137004
1072.0137004
1073.0142489
1073.0142489
1074.0146655
1074.0146655
1075.0152169
1075.0152169
1076.0157298
1076.0157298
1077.0162787
1077.0162787
1078.0168363
1078.0168363
1070.0174281
1070.0174281
1071.0178784
1071.0178784
1072.01
1072.01
1073.0089201
1073.0089201
1074.009307
1074.009307
1075.0097872
1075.0097872
1076.010291
1076.010291
1077.0107266
1077.0107266
1078.0112193
1078.0112193
1079.0117526
1079.0117526
1071.0122378
1071.0122378
1072.0127894
1072.0127894
1073.0132161
1073.0132161
1074.0137931
1074.0137931
1075.0143185
1075.0143185
1076.0148732
1076.0148732
1077.0154916
1077.0154916
1078.0160396
1078.0160396
1079.0165999
1079.0165999
1080.0171974
1080.0171974
1072.0176933
1072.0176933
1073.01
1073.01
1074.0087596
1074.0087596
1075.0092096
1075.0092096
1076.0096244
1076.0096244
1077.0101793
1077.0101793
1078.0107317
1078.0107317
1079.0112665
1079.0112665
1080.0119032
1080.0119032
1081.012501
1081.012501
1073.0130285
1073.0130285
1074.013633
1074.013633
1075.0141593
1075.0141593
1076.0146225
1076.0146225
1077.015157
1077.015157
1078.0156521
1078.0156521
1079.0161209
1079.0161209
1080.016523
1080.016523
1081.016984
1081.016984
1082.017606
1082.017606
1074.01
1074.01
1075.0086937
1075.0086937
1076.0091876
1076.0091876
1077.0097147
1077.0097147
1078.0101562
1078.0101562
1079.0106736
1079.0106736
1080.0111784
1080.0111784
1081.0116431
1081.0116431
1082.0121276
1082.0121276
1083.0126812
1083.0126812
1075.0132641
1075.0132641
1076.0137821
1076.0137821
1077.0143144
1077.0143144
1078.014912
1078.014912
1079.0154868
1079.0154868
1080.0160008
1080.0160008
1081.0165009
1081.0165009
1082.0169974
1082.0169974
1083.0175054
1083.0175054
1084.01
1084.01
1076.0086729
1076.0086729
1077.0092067
1077.0092067
1078.0097429
1078.0097429
1079.0103048
1079.0103048
1080.010926
1080.010926
1081.0114821
1081.0114821
1082.0120453
1082.0120453
1083.0125563
1083.0125563
1084.0130687
1084.0130687
1085.0136638
1085.0136638
1077.0141793
1077.0141793
1078.0147589
1078.0147589
1079.0152968
1079.0152968
1080.0158112
1080.0158112
1081.0162935
1081.0162935
1082.0168914
1082.0168914
1083.017402
1083.017402
1084.0179196
1084.0179196
1085.01
1085.01
1086.0090029
1086.0090029
1078.0095298
1078.0095298
1079.0100965
1079.0100965
1080.0106345
1080.0106345
1081.0113123
1081.0113123
1082.0117555
1082.0117555
1083.012243
1083.012243
1084.0127983
1084.0127983
1085.0132723
1085.0132723
1086.0137606
1086.0137606
1087.0142744
1087.0142744
1079.0149248
1079.0149248
1080.015387
1080.015387
1081.0159771
1081.0159771
1082.0165001
1082.0165001
1083.0170462
1083.0170462
1084.0175457
1084.0175457
1085.0179834
1085.0179834
1086.01
1086.01
1087.0089507
1087.0089507
1088.0094517
1088.0094517
1080.0100315
1080.0100315
1081.0105844
1081.0105844
1082.0109921
1082.0109921
1083.0114997
1083.0114997
1084.0119842
1084.0119842
1085.0124716
1085.0124716
1086.0129096
1086.0129096
1087.0133191
1087.0133191
1088.0138721
1088.0138721
1089.0144802
1089.0144802
1081.0149524
1081.0149524
1082.0154742
1082.0154742
1083.0159612
1083.0159612
1084.01661
1084.01661
1085.0171356
1085.0171356
1086.0176093
1086.0176093
1087.01
1087.01
1088.0086535
1088.0086535
1089.0091913
1089.0091913
1090.0096271
1090.0096271
1082.0101288
1082.0101288
1083.010717
1083.010717
1084.0112726
1084.0112726
1085.0118054
1085.0118054
1086.0122996
1086.0122996
1087.0128813
1087.0128813
1088.0133704
1088.0133704
1089.0138329
1089.0138329
1090.0144147
1090.0144147
1091.0149378
1091.0149378
1083.0155422
1083.0155422
1084.0161115
1084.0161115
1085.0165983
1085.0165983
1086.0171219
1086.0171219
1087.0175676
1087.0175676
1088.01
1088.01
1089.0085122
1089.0085122
1090.0090572
1090.0090572
1091.0095689
1091.0095689
1092.0100341
1092.0100341
1084.0105216
1084.0105216
1085.0110248
1085.0110248
1086.011499
1086.011499
1087.0120115
1087.0120115
1088.0125098
1088.0125098
1089.0130159
1089.0130159
1090.0134642
1090.0134642
1091.0139413
1091.0139413
1092.0144853
1092.0144853
1093.0150388
1093.0150388
1085.0154993
1085.0154993
1086.0159951
1086.0159951
1087.0164268
1087.0164268
1088.0171066
1088.0171066
1089.0177065
1089.0177065
1090.01
1090.01
1091.008609
1091.008609
1092.0090679
1092.0090679
1093.0095215
1093.0095215
1094.0099459
1094.0099459
1086.0104598
1086.0104598
1087.0109547
1087.0109547
1088.0115614
1088.0115614
1089.0119962
1089.0119962
1090.0125259
1090.0125259
1091.0130713
1091.0130713
1092.0135749
1092.0135749
1093.0140322
1093.0140322
1094.0145623
1094.0145623
1095.0151492
1095.0151492
1087.0156104
1087.0156104
1088.0161872
1088.0161872
1089.0166355
1089.0166355
1090.0172054
1090.0172054
1091.0177243
1091.0177243
1092.01
1092.01
1093.008755
1093.008755
1094.0093552
1094.0093552
1095.0099248
1095.0099248
1096.0103585
1096.0103585
1088.0109518
1088.0109518
1089.0115459
1089.0115459
1090.0120127
1090.0120127
1091.0127069
1091.0127069
1092.0131514
1092.0131514
1093.0136409
1093.0136409
1094.0141085
1094.0141085
1095.014634
1095.014634
1096.0151605
1096.0151605
1097.0157006
1097.0157006
1089.0161746
1089.0161746
1090.0167289
1090.0167289
1091.0173691
1091.0173691
1092.0179208
1092.0179208
1093.01
1093.01
1094.0089666
1094.0089666
1095.0093349
1095.0093349
1096.0098537
1096.0098537
1097.0102041
1097.0102041
1098.0107688
1098.0107688
1090.0113
1090.0113
1091.0117962
1091.0117962
1092.0122727
1092.0122727
1093.0128099
1093.0128099
1094.0131976
1094.0131976
1095.0136643
1095.0136643
1096.0140911
1096.0140911
1097.0145803
1097.0145803
1098.0151179
1098.0151179
1099.0156085
1099.0156085
1091.0161403
1091.0161403
1092.0166274
1092.0166274
1093.0170606
1093.0170606
1094.0177202
1094.0177202
1095.01
1095.01
1096.0088283
1096.0088283
1097.009299
1097.009299
1098.0097813
1098.0097813
1099.0102912
1099.0102912
1100.010798
1100.010798
1092.0114236
1092.0114236
1093.0119772
1093.0119772
1094.0125623
1094.0125623
1095.0129141
1095.0129141
1096.0133938
1096.0133938
1097.0138239
1097.0138239
1098.0143727
1098.0143727
1099.0147929
1099.0147929
1100.0153794
1100.0153794
1101.0158373
1101.0158373
1093.0163629
1093.0163629
1094.0168632
1094.0168632
1095.0174334
1095.0174334
1096.01
1096.01
1097.0086189
1097.0086189
1098.0090227
1098.0090227
1099.0094746
1099.0094746
1100.0100744
1100.0100744
1101.0106303
1101.0106303
1102.0111282
1102.0111282
1094.0116918
1094.0116918
1095.0122415
1095.0122415
1096.012806
1096.012806
1097.0134038
1097.0134038
1098.0139549
1098.0139549
1099.0145751
1099.0145751
1100.0149699
1100.0149699
1101.0154862
1101.0154862
1102.0161068
1102.0161068
1103.0166111
1103.0166111
1095.017122
1095.017122
1096.0175179
1096.0175179
1097.017999
1097.017999
1098.01
1098.01
1099.0090492
1099.0090492
1100.0095419
1100.0095419
1101.0100194
1101.0100194
1102.0104397
1102.0104397
1103.0110604
1103.0110604
1104.0115453
1104.0115453
1096.0121168
1096.0121168
1097.0126279
1097.0126279
1098.013048
1098.013048
1099.0136106
1099.0136106
1100.0141505
1100.0141505
1101.0145801
1101.0145801
1102.0150853
1102.0150853
1103.0155954
1103.0155954
1104.0160893
1104.0160893
1105.0165986
1105.0165986
1097.0169566
1097.0169566
1098.0175049
1098.0175049
1099.01
1099.01
1100.0085109
1100.0085109
1101.0091186
1101.0091186
1102.0096086
1102.0096086
1103.0100888
1103.0100888
1104.0105988
1104.0105988
1105.0111409
1105.0111409
1106.0117027000001
1106.0117027000001
1098.0123115
1098.0123115
1099.0128283
1099.0128283
1100.0133476
1100.0133476
1101.013902
1101.013902
1102.0144604
1102.0144604
1103.014984
1103.014984
1104.0155433
1104.0155433
1105.0159528
1105.0159528
1106.0163795
1106.0163795
1107.016883
1107.016883
1099.0174174
1099.0174174
1100.017935
1100.017935
1101.01
1101.01
1102.00891
1102.00891
1103.0093913
1103.0093913
1104.0098935
1104.0098935
1105.0104933
1105.0104933
1106.0110325
1106.0110325
1107.0115434
1107.0115434
1108.0121598
1108.0121598
1100.0126247
1100.0126247
1101.0132621
1101.0132621
1102.0137126
1102.0137126
1103.0143106
1103.0143106
1104.0147571
1104.0147571
1105.0152821
1105.0152821
1106.0159175
1106.0159175
1107.0163235
1107.0163235
1108.0167837
1108.0167837
1109.0173043
1109.0173043
1101.017736
1101.017736
1102.01
1102.01
1103.0087239
1103.0087239
1104.0092984
1104.0092984
1105.0099436
1105.0099436
1106.0104907
1106.0104907
1107.0109978
1107.0109978
1108.011553
1108.011553
1109.0120721
1109.0120721
1110.0124938
1110.0124938
1102.0129537
1102.0129537
1103.0134033
1103.0134033
1104.0138024
1104.0138024
1105.0143134
1105.0143134
1106.0147649
1106.0147649
1107.0152251
1107.0152251
1108.0157364
1108.0157364
1109.0163688
1109.0163688
1110.0169328
1110.0169328
1111.0174855
1111.0174855
1103.0179681
1103.0179681
1104.01
1104.01
1105.008945
1105.008945
1106.0095131
1106.0095131
1107.0100174
1107.0100174
1108.0105191
1108.0105191
1109.0110578
1109.0110578
1110.0115367
1110.0115367
1111.0121131
1111.0121131
1112.0126235
1112.0126235
1104.0131773
1104.0131773
1105.0137365
1105.0137365
1106.0142572
1106.0142572
1107.0148067
1107.0148067
1108.0153579
1108.0153579
1109.0158618
1109.0158618
1110.0164511
1110.0164511
1111.0170047
1111.0170047
1112.0176198
1112.0176198
1113.01
1113.01
1105.0086466
1105.0086466
1106.0091774
1106.0091774
1107.0097004
1107.0097004
1108.0102102
1108.0102102
1109.0107319
1109.0107319
1110.0112999
1110.0112999
1111.0119451
1111.0119451
1112.0126025
1112.0126025
1113.0130758
1113.0130758
1114.0135009
1114.0135009
1106.0139711
1106.0139711
1107.0144684
1107.0144684
1108.0150099
1108.0150099
1109.0156004
1109.0156004
1110.0160228
1110.0160228
1111.0165564
1111.0165564
1112.0170674
1112.0170674
1113.0175791
1113.0175791
1114.01
1114.01
1115.0087838
1115.0087838
1107.0092373
1107.0092373
1108.0098721
1108.0098721
1109.0103446
1109.0103446
1110.0109143
1110.0109143
1111.0114797
1111.0114797
1112.0120908
1112.0120908
1113.0125733
1113.0125733
1114.0130918
1114.0130918
1115.0135355
1115.0135355
1116.014018
1116.014018
1108.0144128
1108.0144128
1109.014906
1109.014906
1110.0155202
1110.0155202
1111.0160077
1111.0160077
1112.0163789
1112.0163789
1113.0169156
1113.0169156
1114.0174364
1114.0174364
1115.01
1115.01
1116.00858
1116.00858
1117.0091107
1117.0091107
1109.0095936
1109.0095936
1110.0100697
1110.0100697
1111.0105857
1111.0105857
1112.0112005
1112.0112005
1113.0117389
1113.0117389
1114.0122639
1114.0122639
1115.0128401
1115.0128401
1116.0135035
1116.0135035
1117.0140481
1117.0140481
1118.0145841
1118.0145841
1110.0151343
1110.0151343
1111.0156626
1111.0156626
1112.0160522
1112.0160522
1113.0165118
1113.0165118
1114.0169764
1114.0169764
1115.0175282
1115.0175282
1116.01
1116.01
1117.0085752
1117.0085752
1118.0090831
1118.0090831
1119.0096024
1119.0096024
1111.0101492
1111.0101492
1112.010719
1112.010719
1113.0112209
1113.0112209
1114.011801
1114.011801
1115.0123255
1115.0123255
1116.0128243
1116.0128243
1117.0133325
1117.0133325
1118.0139257
1118.0139257
1119.0145035
1119.0145035
1120.0150405
1120.0150405
1112.0156472
1112.0156472
1113.0161489
1113.0161489
1114.0166853
1114.0166853
1115.0172251
1115.0172251
1116.0177801
1116.0177801
1117.01
1117.01
1118.0087246
1118.0087246
1119.0092709
1119.0092709
1120.0097646
1120.0097646
1121.01019
1121.01019
1113.0107056
1113.0107056
1114.0112247
1114.0112247
1115.0117404
1115.0117404
1116.0123049
1116.0123049
1117.0128905
1117.0128905
1118.0134451
1118.0134451
1119.0138427
1119.0138427
1120.0143029
1120.0143029
1121.0147481
1121.0147481
1122.0152568
1122.0152568
1114.0157253
1114.0157253
1115.0162248
1115.0162248
1116.0166922
1116.0166922
1117.0172075
1117.0172075
1118.0176978
1118.0176978
1119.01
1119.01
1120.0088269
1120.0088269
1121.0093313
1121.0093313
1122.0098619
1122.0098619
1123.010485
1123.010485
1115.0110552
1115.0110552
1116.0115139
1116.0115139
1117.0120303
1117.0120303
1118.0126011
1118.0126011
1119.0131107
1119.0131107
1120.0136331
1120.0136331
1121.0142089
1121.0142089
1122.0148385
1122.0148385
1123.015294
1123.015294
1124.015797
1124.015797
1116.0162366
1116.0162366
1117.0167207
1117.0167207
1118.0171437
1118.0171437
1119.0177146
1119.0177146
1120.01
1120.01
1121.0087741
1121.0087741
1122.0092642
1122.0092642
1123.0097789
1123.0097789
1124.0103425
1124.0103425
1125.0108753
1125.0108753
1117.0113507
1117.0113507
1118.0119086
1118.0119086
1119.0124416
1119.0124416
1120.0130146
1120.0130146
1121.0134974
1121.0134974
1122.0139288
1122.0139288
1123.0143412
1123.0143412
1124.0147743
1124.0147743
1125.0152962
1125.0152962
1126.0157289
1126.0157289
1118.0162453
1118.0162453
1119.0167545
1119.0167545
1120.0173278
1120.0173278
1121.0179319
1121.0179319
1122.01
1122.01
1123.0090121
1123.0090121
1124.0095217
1124.0095217
1125.0100409
1125.0100409
1126.0104665
1126.0104665
1127.0109613
1127.0109613
1119.0114523
1119.0114523
1120.0119198
1120.0119198
1121.0124025
1121.0124025
1122.0128961
1122.0128961
1123.0133166
1123.0133166
1124.0138426
1124.0138426
1125.0142759
1125.0142759
1126.0147886
1126.0147886
1127.0152888
1127.0152888
1128.0157544
1128.0157544
1120.016246
1120.016246
1121.0167795
1121.0167795
1122.0172638
1122.0172638
1123.0178049
1123.0178049
1124.01
1124.01
1125.008744
1125.008744
1126.0091904
1126.0091904
1127.009693
1127.009693
1128.0102148
1128.0102148
1129.0107088
1129.0107088
1121.0111642
1121.0111642
1122.0116212
1122.0116212
1123.0120792
1123.0120792
1124.0126011
1124.0126011
1125.0131871
1125.0131871
1126.0137454
1126.0137454
1127.0142452
1127.0142452
1128.0147057
1128.0147057
1129.0152448
1129.0152448
1130.0158259
1130.0158259
1122.0163771
1122.0163771
1123.0168259
1123.0168259
1124.0173633
1124.0173633
1125.0179004
1125.0179004
1126.01
1126.01
1127.0089618
1127.0089618
1128.0095058
1128.0095058
1129.0099544
1129.0099544
1130.0105351
1130.0105351
1131.0109839
1131.0109839
1123.0115187
1123.0115187
1124.0120633
1124.0120633
1125.0124797
1125.0124797
1126.0129116
1126.0129116
1127.0135589
1127.0135589
1128.0140141
1128.0140141
1129.0145585
1129.0145585
1130.0151214
1130.0151214
1131.0155169
1131.0155169
1132.0160691
1132.0160691
1124.0165837
1124.0165837
1125.0170584
1125.0170584
1126.017518
1126.017518
1127.01
1127.01
1128.0086566
1128.0086566
1129.0093198
1129.0093198
1130.0099577
1130.0099577
1131.010508
1131.010508
1132.0109794
1132.0109794
1133.0114714
1133.0114714
1125.0120653
1125.0120653
1126.012716
1126.012716
1127.0132093
1127.0132093
1128.0138092
1128.0138092
1129.0142729
1129.0142729
1130.0148748
1130.0148748
1131.0153973
1131.0153973
1132.0158908
1132.0158908
1133.0163692
1133.0163692
1134.0168832
1134.0168832
1126.017461
1126.017461
1127.0179219
1127.0179219
1128.01
1128.01
1129.0092115
1129.0092115
1130.0096647
1130.0096647
1131.0102724
1131.0102724
1132.0107765
1132.0107765
1133.0112364
1133.0112364
1134.0116918
1134.0116918
1135.0120557
1135.0120557
1127.0125742
1127.0125742
1128.0131921
1128.0131921
1129.0137911
1129.0137911
1130.0142921
1130.0142921
1131.0147225
1131.0147225
1132.0151598
1132.0151598
1133.0156474
1133.0156474
1134.0161183
1134.0161183
1135.0166536
1135.0166536
1136.0171775
1136.0171775
1128.0176513
1128.0176513
1129.01
1129.01
1130.0085521
1130.0085521
1131.0092023
1131.0092023
1132.0097214
1132.0097214
1133.0102226
1133.0102226
1134.010793
1134.010793
1135.0113029
1135.0113029
1136.0118385
1136.0118385
1137.0123841
1137.0123841
1129.0130158
1129.0130158
1130.0134606
1130.0134606
1131.0140189
1131.0140189
1132.0145977
1132.0145977
1133.015116
1133.015116
1134.0156811
1134.0156811
1135.0161968
1135.0161968
1136.016566
1136.016566
1137.0171021
1137.0171021
1138.0176346
1138.0176346
1130.01
1130.01
1131.0086937
1131.0086937
1132.0092366
1132.0092366
1133.0099032
1133.0099032
1134.0103974
1134.0103974
1135.0108634
1135.0108634
1136.0113667
1136.0113667
1137.0119206
1137.0119206
1138.0125293
1138.0125293
1139.0129622
1139.0129622
1131.013435
1131.013435
1132.0139676
1132.0139676
1133.0145779
1133.0145779
1134.0152135
1134.0152135
1135.0157211
1135.0157211
1136.0162108
1136.0162108
1137.0166917
1137.0166917
1138.0172675
1138.0172675
1139.0178419
1139.0178419
1140.01
1140.01
1132.0091774
1132.0091774
1133.0096365
1133.0096365
1134.0102979
1134.0102979
1135.0108175
1135.0108175
1136.0113511
1136.0113511
1137.0118863
1137.0118863
1138.0123863
1138.0123863
1139.0128723
1139.0128723
1140.0134189
1140.0134189
1141.0139824
1141.0139824
1133.0144595
1133.0144595
1134.014976
1134.014976
1135.0155602
1135.0155602
1136.0161167
1136.0161167
1137.0166428
1137.0166428
1138.0171424
1138.0171424
1139.017585
1139.017585
1140.01
1140.01
1141.008672
1141.008672
1142.0092227
1142.0092227
1134.0096542
1134.0096542
1135.0102264
1135.0102264
1136.0108328
1136.0108328
1137.0114131
1137.0114131
1138.0119646
1138.0119646
1139.0123952
1139.0123952
1140.0129153
1140.0129153
1141.013515
1141.013515
1142.0140646
1142.0140646
1143.0146340000001
1143.0146340000001
1135.0151462
1135.0151462
1136.0156746
1136.0156746
1137.0162814
1137.0162814
1138.0169163
1138.0169163
1139.0174328
1139.0174328
1140.0179507
1140.0179507
1141.01
1141.01
1142.0089384
1142.0089384
1143.0093749
1143.0093749
1144.0097825
1144.0097825
1136.0102902
1136.0102902
1137.0108104
1137.0108104
1138.0112823
1138.0112823
1139.011807
1139.011807
1140.0123025
1140.0123025
1141.0128632
1141.0128632
1142.0133434
1142.0133434
1143.0138435
1143.0138435
1144.0144756
1144.0144756
1145.0149073
1145.0149073
1137.015307
1137.015307
1138.0158459
1138.0158459
1139.0163299
1139.0163299
1140.0169201
1140.0169201
1141.0175744
1141.0175744
1142.01
1142.01
1143.0087119
1143.0087119
1144.0092439
1144.0092439
1145.009657
1145.009657
1146.0100922
1146.0100922
1138.0104979
1138.0104979
1139.0109637
1139.0109637
1140.0113262
1140.0113262
1141.0118968
1141.0118968
1142.0124606
1142.0124606
1143.0129431
1143.0129431
1144.0134113
1144.0134113
1145.0139092
1145.0139092
1146.0143983
1146.0143983
1147.0150111
1147.0150111
1139.0154584
1139.0154584
1140.0159314
1140.0159314
1141.0164831
1141.0164831
1142.017117
1142.017117
1143.0176293
1143.0176293
1144.01
1144.01
1145.0086989
1145.0086989
1146.0091599
1146.0091599
1147.0097684
1147.0097684
1148.0104025
1148.0104025
1140.0109717
1140.0109717
1141.0113077
1141.0113077
1142.0117705
1142.0117705
1143.0123959
1143.0123959
1144.0129136
1144.0129136
1145.0134831
1145.0134831
1146.0140799
1146.0140799
1147.0145793
1147.0145793
1148.015185
1148.015185
1149.0158013
1149.0158013
1141.0162961
1141.0162961
1142.0167718
1142.0167718
1143.0171669
1143.0171669
1144.017713
1144.017713
1145.01
1145.01
1146.0087009
1146.0087009
1147.0091624
1147.0091624
1148.0096806
1148.0096806
1149.0101774
1149.0101774
1150.0106237
1150.0106237
1142.0111903
1142.0111903
1143.0117214
1143.0117214
1144.0122429
1144.0122429
1145.0128057
1145.0128057
1146.013351
1146.013351
1147.0138483
1147.0138483
1148.0143036
1148.0143036
1149.0148554
1149.0148554
1150.0154185
1150.0154185
1151.0160782
1151.0160782
1143.0165417
1143.0165417
1144.0170677
1144.0170677
1145.0176432
1145.0176432
1146.01
1146.01
1147.0087988
1147.0087988
1148.0092798
1148.0092798
1149.0098016
1149.0098016
1150.0103994
1150.0103994
1151.0108911
1151.0108911
1152.0114899
1152.0114899
1144.0119584
1144.0119584
1145.0124157
1145.0124157
1146.0128915
1146.0128915
1147.0134145
1147.0134145
1148.013894
1148.013894
1149.0144869
1149.0144869
1150.0150004
1150.0150004
1151.0155489
1151.0155489
1152.0160598
1152.0160598
1153.0165149
1153.0165149
1145.0170551
1145.0170551
1146.017545
1146.017545
1147.01
1147.01
1148.0086052
1148.0086052
1149.0091358
1149.0091358
1150.009644
1150.009644
1151.0101465
1151.0101465
1152.0106643
1152.0106643
1153.0111985
1153.0111985
1154.0118034
1154.0118034
1146.0123714
1146.0123714
1147.0127869
1147.0127869
1148.0132598
1148.0132598
1149.0138015
1149.0138015
1150.0143756
1150.0143756
1151.0149161
1151.0149161
1152.015373
1152.015373
1153.0159012
1153.0159012
1154.0164682
1154.0164682
1155.0169747
1155.0169747
1147.0175119
1147.0175119
1148.01
1148.01
1149.0086998
1149.0086998
1150.0093089
1150.0093089
1151.0097514
1151.0097514
1152.0101855
1152.0101855
1153.0106586
1153.0106586
1154.0112163
1154.0112163
1155.0117649
1155.0117649
1156.0122596
1156.0122596
1148.0126861
1148.0126861
1149.013145
1149.013145
1150.0135615
1150.0135615
1151.0141242
1151.0141242
1152.0145519
1152.0145519
1153.0150577
1153.0150577
1154.0155092
1154.0155092
1155.0158575
1155.0158575
1156.0162695
1156.0162695
1157.0167492
1157.0167492
1149.0171678
1149.0171678
1150.0175913
1150.0175913
1151.01
1151.01
1152.0086037
1152.0086037
1153.0091726
1153.0091726
1154.0096923
1154.0096923
1155.0102207
1155.0102207
1156.0108145
1156.0108145
1157.0112898
1157.0112898
1158.0118296
1158.0118296
1150.0123543
1150.0123543
1151.0127497
1151.0127497
1152.0132557
1152.0132557
1153.0138098
1153.0138098
1154.0143566
1154.0143566
1155.014901
1155.014901
1156.0154069
1156.0154069
1157.0159344
1157.0159344
1158.0164501
1158.0164501
1159.0170199
1159.0170199
1151.0175307
1151.0175307
1152.0179877
1152.0179877
1153.01
1153.01
1154.0091091
1154.0091091
1155.0096413
1155.0096413
1156.0101941
1156.0101941
1157.0106972
1157.0106972
1158.011291
1158.011291
1159.0117576
1159.0117576
1160.0123667
1160.0123667
1152.0129283
1152.0129283
1153.0133461
1153.0133461
1154.0139076
1154.0139076
1155.0143979
1155.0143979
1156.014873
1156.014873
1157.0153198
1157.0153198
1158.0160056
1158.0160056
1159.0166955
1159.0166955
1160.0172353
1160.0172353
1161.0177307
1161.0177307
1153.01
1153.01
1154.0087356
1154.0087356
1155.009398
1155.009398
1156.0100102
1156.0100102
1157.0105372
1157.0105372
1158.0110189
1158.0110189
1159.0115286
1159.0115286
1160.0120872
1160.0120872
1161.0126387
1161.0126387
1162.0131942
1162.0131942
1154.0135588
1154.0135588
1155.0140973
1155.0140973
1156.0146405
1156.0146405
1157.015113
1157.015113
1158.0157373
1158.0157373
1159.016279
1159.016279
1160.0168378
1160.0168378
1161.0173963
1161.0173963
1162.0179021
1162.0179021
1163.01
1163.01
1155.0088926
1155.0088926
1156.0094383
1156.0094383
1157.0099578
1157.0099578
1158.0106118
1158.0106118
1159.0112213
1159.0112213
1160.0116733
1160.0116733
1161.012189
1161.012189
1162.012759
1162.012759
1163.0132308
1163.0132308
1164.0137335
1164.0137335
1156.0142981
1156.0142981
1157.0148297
1157.0148297
1158.015506
1158.015506
1159.0161064
1159.0161064
1160.0166709
1160.0166709
1161.0172207
1161.0172207
1162.0176813
1162.0176813
1163.01
1163.01
1164.0087277
1164.0087277
1165.0091975
1165.0091975
1157.0097155
1157.0097155
1158.0102656
1158.0102656
1159.0108148
1159.0108148
1160.0114054
1160.0114054
1161.0118005
1161.0118005
1162.0123037
1162.0123037
1163.0128923
1163.0128923
1164.0134307
1164.0134307
1165.0139554
1165.0139554
1166.0144526
1166.0144526
1158.0149468
1158.0149468
1159.0154815
1159.0154815
1160.0159285
1160.0159285
1161.016613
1161.016613
1162.0172129
1162.0172129
1163.0178352
1163.0178352
1164.01
1164.01
1165.0089951
1165.0089951
1166.009465
1166.009465
1167.0100097
1167.0100097
1159.0105904
1159.0105904
1160.0110727
1160.0110727
1161.0115222
1161.0115222
1162.0121025
1162.0121025
1163.0125707
1163.0125707
1164.0130552
1164.0130552
1165.0136299
1165.0136299
1166.0141133
1166.0141133
1167.0146949
1167.0146949
1168.0152034
1168.0152034
1160.0157715
1160.0157715
1161.0163194
1161.0163194
1162.0168435
1162.0168435
1163.0174098
1163.0174098
1164.0179971
1164.0179971
1165.01
1165.01
1166.0090615
1166.0090615
1167.0095155
1167.0095155
1168.0101613
1168.0101613
1169.0106489
1169.0106489
1161.0111972
1161.0111972
1162.0116427
1162.0116427
1163.0121518
1163.0121518
1164.0127124
1164.0127124
1165.013291
1165.013291
1166.0138456
1166.0138456
1167.0143069
1167.0143069
1168.0148438
1168.0148438
1169.0153684
1169.0153684
1170.0158077
1170.0158077
1162.0163331
1162.0163331
1163.0168057
1163.0168057
1164.0172189
1164.0172189
1165.0179093
1165.0179093
1166.01
1166.01
1167.0089683
1167.0089683
1168.0094793
1168.0094793
1169.0100105
1169.0100105
1170.0104969
1170.0104969
1171.0109605
1171.0109605
1163.0115076
1163.0115076
1164.0120108
1164.0120108
1165.0125098
1165.0125098
1166.0131076
1166.0131076
1167.0136332
1167.0136332
1168.014199
1168.014199
1169.0146857
1169.0146857
1170.0152105
1170.0152105
1171.0157965
1171.0157965
1172.0161493
1172.0161493
1164.0166727
1164.0166727
1165.0171825
1165.0171825
1166.0177154
1166.0177154
1167.01
1167.01
1168.0089667
1168.0089667
1169.0095104
1169.0095104
1170.0099003
1170.0099003
1171.0103706
1171.0103706
1172.0108852
1172.0108852
1173.0115253
1173.0115253
1165.0120587
1165.0120587
1166.0125603
1166.0125603
1167.0130369
1167.0130369
1168.0136118
1168.0136118
1169.0140983
1169.0140983
1170.0146008
1170.0146008
1171.0150907
1171.0150907
1172.0155568
1172.0155568
1173.0160946
1173.0160946
1174.0164624
1174.0164624
1166.0170066
1166.0170066
1167.0175012
1167.0175012
1168.01
1168.01
1169.0086046
1169.0086046
1170.0090735
1170.0090735
1171.0095957
1171.0095957
1172.0100972
1172.0100972
1173.0105512
1173.0105512
1174.0111781
1174.0111781
1175.0117163
1175.0117163
1167.0123375
1167.0123375
1168.0128064
1168.0128064
1169.0132995
1169.0132995
1170.0138109
1170.0138109
1171.0143376
1171.0143376
1172.0148669
1172.0148669
1173.0154298
1173.0154298
1174.0158909
1174.0158909
1175.0163736
1175.0163736
1176.0166983
1176.0166983
1168.0171608
1168.0171608
1169.0176734
1169.0176734
1170.01
1170.01
1171.0088156
1171.0088156
1172.0093696
1172.0093696
1173.0097509
1173.0097509
1174.0101761
1174.0101761
1175.0107483
1175.0107483
1176.0112819
1176.0112819
1177.0117366
1177.0117366
1169.0121461
1169.0121461
1170.0124846
1170.0124846
1171.0129609
1171.0129609
1172.0134042
1172.0134042
1173.0138635
1173.0138635
1174.0143949
1174.0143949
1175.014877
1175.014877
1176.0153056
1176.0153056
1177.015894
1177.015894
1178.0164218
1178.0164218
1170.0168419
1170.0168419
1171.017308
1171.017308
1172.0177347
1172.0177347
1173.01
1173.01
1174.0086979
1174.0086979
1175.0092721
1175.0092721
1176.0098312
1176.0098312
1177.0103477
1177.0103477
1178.0108942
1178.0108942
1179.0113543
1179.0113543
1171.011841
1171.011841
1172.0123165
1172.0123165
1173.0127358
1173.0127358
1174.0133127
1174.0133127
1175.0138049
1175.0138049
1176.0144109
1176.0144109
1177.014846
1177.014846
1178.0154251
1178.0154251
1179.0160028
1179.0160028
1180.0165214
1180.0165214
1172.017017
1172.017017
1173.0175972
1173.0175972
1174.01
1174.01
1175.0087959
1175.0087959
1176.0093515
1176.0093515
1177.0098135
1177.0098135
1178.0102555
1178.0102555
1179.0107943
1179.0107943
1180.0112772
1180.0112772
1181.0117469
1181.0117469
1173.0122567
1173.0122567
1174.0128448
1174.0128448
1175.0133224
1175.0133224
1176.0139173
1176.0139173
1177.014439
1177.014439
1178.0149146
1178.0149146
1179.0154479
1179.0154479
1180.0158954
1180.0158954
1181.0164107
1181.0164107
1182.0169091
1182.0169091
1174.0174347
1174.0174347
1175.0179746
1175.0179746
1176.01
1176.01
1177.0090994
1177.0090994
1178.00963
1178.00963
1179.0101436
1179.0101436
1180.0107582
1180.0107582
1181.0112405
1181.0112405
1182.0117292
1182.0117292
1183.0122553
1183.0122553
1175.0128219
1175.0128219
1176.0133852
1176.0133852
1177.0139515
1177.0139515
1178.0145985
1178.0145985
1179.01515
1179.01515
1180.0155954
1180.0155954
1181.0160824
1181.0160824
1182.0166322
1182.0166322
1183.0170585
1183.0170585
1184.0175209
1184.0175209
1176.01
1176.01
1177.0085685
1177.0085685
1178.0090991
1178.0090991
1179.0096083
1179.0096083
1180.0101703
1180.0101703
1181.0106959
1181.0106959
1182.0111406
1182.0111406
1183.0116483
1183.0116483
1184.0121943
1184.0121943
1185.012761
1185.012761
1177.0131733
1177.0131733
1178.0137127
1178.0137127
1179.0142525
1179.0142525
1180.0150274
1180.0150274
1181.0154434
1181.0154434
1182.0160324
1182.0160324
1183.0165365
1183.0165365
1184.0170408
1184.0170408
1185.0175944
1185.0175944
1186.01
1186.01
1178.0086755
1178.0086755
1179.0092695
1179.0092695
1180.0096716
1180.0096716
1181.0102076
1181.0102076
1182.0107353
1182.0107353
1183.0112084
1183.0112084
1184.011708
1184.011708
1185.0122494
1185.0122494
1186.0127842
1186.0127842
1187.0133407
1187.0133407
1179.0138716
1179.0138716
1180.0143573
1180.0143573
1181.0149291
1181.0149291
1182.0155257
1182.0155257
1183.0158907
1183.0158907
1184.0165098
1184.0165098
1185.0170654
1185.0170654
1186.0175649
1186.0175649
1187.01
1187.01
1188.0086367
1188.0086367
1180.009144
1180.009144
1181.0096394
1181.0096394
1182.0100766
1182.0100766
1183.0105083
1183.0105083
1184.0110669
1184.0110669
1185.0116371
1185.0116371
1186.0121332
1186.0121332
1187.0126359
1187.0126359
1188.0130722
1188.0130722
1189.0136631
1189.0136631
1181.0142511
1181.0142511
1182.0146097
1182.0146097
1183.0150495
1183.0150495
1184.0156893
1184.0156893
1185.0162401
1185.0162401
1186.0167427
1186.0167427
1187.0173178
1187.0173178
1188.0178647
1188.0178647
1189.01
1189.01
1190.0089227
1190.0089227
1182.0093574
1182.0093574
1183.0098466
1183.0098466
1184.0102753
1184.0102753
1185.0106948
1185.0106948
1186.0111969
1186.0111969
1187.0117586
1187.0117586
1188.012253
1188.012253
1189.0127608
1189.0127608
1190.0132631
1190.0132631
1191.0137911
1191.0137911
1183.0143998
1183.0143998
1184.0149311
1184.0149311
1185.0154591
1185.0154591
1186.0160165
1186.0160165
1187.016528
1187.016528
1188.0169269
1188.0169269
1189.0174267
1189.0174267
1190.01
1190.01
1191.0084519
1191.0084519
1192.0090049
1192.0090049
1184.0095011
1184.0095011
1185.0099743
1185.0099743
1186.0105313
1186.0105313
1187.0110028
1187.0110028
1188.0115683
1188.0115683
1189.0120477
1189.0120477
1190.0124562
1190.0124562
1191.0130146
1191.0130146
1192.0135379
1192.0135379
1193.0140012
1193.0140012
1185.0145312
1185.0145312
1186.0149396
1186.0149396
1187.0155221
1187.0155221
1188.0162097
1188.0162097
1189.0166841
1189.0166841
1190.0173182
1190.0173182
1191.0177414
1191.0177414
1192.01
1192.01
1193.0086767
1193.0086767
1194.0091717
1194.0091717
1186.0098005
1186.0098005
1187.0101929
1187.0101929
1188.0107403
1188.0107403
1189.0113023
1189.0113023
1190.0118749
1190.0118749
1191.0123288
1191.0123288
1192.0128273
1192.0128273
1193.0132543
1193.0132543
1194.013731
1194.013731
1195.014197
1195.014197
1187.014708
1187.014708
1188.0153002
1188.0153002
1189.0158054
1189.0158054
1190.0164186
1190.0164186
1191.0169117
1191.0169117
1192.0175018
1192.0175018
1193.0179231
1193.0179231
1194.01
1194.01
1195.0089708
1195.0089708
1196.0095134
1196.0095134
1188.0101146
1188.0101146
1189.0107129
1189.0107129
1190.0111105
1190.0111105
1191.0115952
1191.0115952
1192.0121697
1192.0121697
1193.0126279
1193.0126279
1194.0131304
1194.0131304
1195.0135813
1195.0135813
1196.0141702
1196.0141702
1197.0146641
1197.0146641
1189.0152575
1189.0152575
1190.0157382
1190.0157382
1191.0161831
1191.0161831
1192.0167062
1192.0167062
1193.0171935
1193.0171935
1194.0177367000001
1194.0177367000001
1195.01
1195.01
1196.0086872
1196.0086872
1197.0092593
1197.0092593
1198.0097084
1198.0097084
1190.0102069
1190.0102069
1191.010663
1191.010663
1192.0112315
1192.0112315
1193.0118092
1193.0118092
1194.0122466
1194.0122466
1195.0127731
1195.0127731
1196.0132404
1196.0132404
1197.0137961
1197.0137961
1198.0145222
1198.0145222
1199.0150631
1199.0150631
1191.0155846
1191.0155846
1192.0161235
1192.0161235
1193.0165661
1193.0165661
1194.0171068
1194.0171068
1195.0176231
1195.0176231
1196.01
1196.01
1197.0085518
1197.0085518
1198.0090769
1198.0090769
1199.0095272
1199.0095272
1200.0100256
1200.0100256
1192.0105272
1192.0105272
1193.0110696
1193.0110696
1194.011672
1194.011672
1195.0123075
1195.0123075
1196.0127481
1196.0127481
1197.0132455
1197.0132455
1198.0137126
1198.0137126
1199.0143212
1199.0143212
1200.014999
1200.014999
1201.0155636
1201.0155636
1193.0161932
1193.0161932
1194.0168092
1194.0168092
1195.0173038
1195.0173038
1196.017809
1196.017809
1197.01
1197.01
1198.0089861
1198.0089861
1199.0094573
1199.0094573
1200.0099394
1200.0099394
1201.0104831
1201.0104831
1202.0110128
1202.0110128
1194.0114336
1194.0114336
1195.011907
1195.011907
1196.0123736
1196.0123736
1197.012908
1197.012908
1198.0134789
1198.0134789
1199.0140135
1199.0140135
1200.0144555
1200.0144555
1201.0150721
1201.0150721
1202.0156668
1202.0156668
1203.0161542
1203.0161542
1195.0167024
1195.0167024
1196.0173412
1196.0173412
1197.0178473
1197.0178473
1198.01
1198.01
1199.0090279
1199.0090279
1200.0094966
1200.0094966
1201.0099493
1201.0099493
1202.0103469
1202.0103469
1203.0109316
1203.0109316
1204.0114016
1204.0114016
1196.0119292
1196.0119292
1197.0124277
1197.0124277
1198.0129818
1198.0129818
1199.0136136
1199.0136136
1200.0141759
1200.0141759
1201.0147589
1201.0147589
1202.0152716
1202.0152716
1203.0158429
1203.0158429
1204.0163848
1204.0163848
1205.0168952
1205.0168952
1197.0173065
1197.0173065
1198.0178489
1198.0178489
1199.01
1199.01
1200.0090057
1200.0090057
1201.0094924
1201.0094924
1202.0099304
1202.0099304
1203.0105353
1203.0105353
1204.0110633
1204.0110633
1205.0116064
1205.0116064
1206.0121599
1206.0121599
1198.0126447
1198.0126447
1199.0131719
1199.0131719
1200.0136416
1200.0136416
1201.0143146
1201.0143146
1202.0148167
1202.0148167
1203.0151798
1203.0151798
1204.0156641
1204.0156641
1205.0162062
1205.0162062
1206.0167136
1206.0167136
1207.01718
1207.01718
1199.0176599
1199.0176599
1200.01
1200.01
1201.008743
1201.008743
1202.0093154
1202.0093154
1203.0098063
1203.0098063
1204.0103339
1204.0103339
1205.0108055
1205.0108055
1206.0114047
1206.0114047
1207.011998
1207.011998
1208.0124907
1208.0124907
1200.013015
1200.013015
1201.0135539
1201.0135539
1202.014064
1202.014064
1203.0146121
1203.0146121
1204.0152178
1204.0152178
1205.0157072
1205.0157072
1206.0162441
1206.0162441
1207.0167919
1207.0167919
1208.0172581
1208.0172581
1209.0177629
1209.0177629
1201.01
1201.01
1202.0088668
1202.0088668
1203.0093291
1203.0093291
1204.0099067
1204.0099067
1205.0104146
1205.0104146
1206.0109128
1206.0109128
1207.0114237
1207.0114237
1208.012017
1208.012017
1209.0125597
1209.0125597
1210.0129939
1210.0129939
1202.0134429
1202.0134429
1203.0139626
1203.0139626
1204.014553
1204.014553
1205.0152165
1205.0152165
1206.0156652
1206.0156652
1207.0161561
1207.0161561
1208.0167327
1208.0167327
1209.0172645
1209.0172645
1210.0177501
1210.0177501
1211.01
1211.01
1203.0086646
1203.0086646
1204.0091281
1204.0091281
1205.0097315
1205.0097315
1206.0103165
1206.0103165
1207.0107809
1207.0107809
1208.0112932
1208.0112932
1209.0117738
1209.0117738
1210.0123146
1210.0123146
1211.0127724
1211.0127724
1212.0132625
1212.0132625
1204.0136525
1204.0136525
1205.0141149
1205.0141149
1206.0146734
1206.0146734
1207.015212
1207.015212
1208.0158222
1208.0158222
1209.0163504
1209.0163504
1210.0169059
1210.0169059
1211.0174445
1211.0174445
1212.01
1212.01
1213.0086305
1213.0086305
1205.0090689
1205.0090689
1206.0095038
1206.0095038
1207.010009
1207.010009
1208.0106118
1208.0106118
1209.0110983
1209.0110983
1210.0116662
1210.0116662
1211.0122016
1211.0122016
1212.0126659
1212.0126659
1213.0131972
1213.0131972
1214.0136786
1214.0136786
1206.014104
1206.014104
1207.014698
1207.014698
1208.015061
1208.015061
1209.015521
1209.015521
1210.0161048
1210.0161048
1211.0166063
1211.0166063
1212.0171991
1212.0171991
1213.0177014
1213.0177014
1214.01
1214.01
1215.0086846
1215.0086846
1207.0092779
1207.0092779
1208.0098613
1208.0098613
1209.0104565
1209.0104565
1210.0110192
1210.0110192
1211.0115498
1211.0115498
1212.0120303
1212.0120303
1213.012507
1213.012507
1214.0129725
1214.0129725
1215.0135498
1215.0135498
1216.0140786
1216.0140786
1208.014568
1208.014568
1209.0151014
1209.0151014
1210.0154642
1210.0154642
1211.0159005
1211.0159005
1212.016398
1212.016398
1213.0169031
1213.0169031
1214.0175021
1214.0175021
1215.01
1215.01
1216.0085894
1216.0085894
1217.0091063
1217.0091063
1209.0097415
1209.0097415
1210.0102108
1210.0102108
1211.0107488
1211.0107488
1212.0113062
1212.0113062
1213.0118382
1213.0118382
1214.0123462
1214.0123462
1215.0127847
1215.0127847
1216.0132938
1216.0132938
1217.0138327
1217.0138327
1218.0143553
1218.0143553
1210.0149294
1210.0149294
1211.0153083
1211.0153083
1212.0157895
1212.0157895
1213.0164237
1213.0164237
1214.0169086
1214.0169086
1215.0173858
1215.0173858
1216.017873
1216.017873
1217.01
1217.01
1218.0087935
1218.0087935
1219.009263
1219.009263
1211.0098003
1211.0098003
1212.010238
1212.010238
1213.0108156
1213.0108156
1214.0113036
1214.0113036
1215.0117825
1215.0117825
1216.0122892
1216.0122892
1217.0127947
1217.0127947
1218.0133405
1218.0133405
1219.0138303
1219.0138303
1220.0143923
1220.0143923
1212.0148709
1212.0148709
1213.0154696
1213.0154696
1214.0161403
1214.0161403
1215.0168085
1215.0168085
1216.0173337
1216.0173337
1217.0178201
1217.0178201
1218.01
1218.01
1219.0087624
1219.0087624
1220.0093125
1220.0093125
1221.0097644
1221.0097644
1213.0103596
1213.0103596
